1003485183
1001180191
1001199798
998144149
1000162963
999514236
1001233215
996884841
998283157
1002479171
998372268
1001714553
1003770904
1002065582
1000794219
998435592
999889221
998523941
996269836
997520217
1002018737
1001980743
998442382
1004225311
1000047912
1000085754
1001345062
1002356262
997680969
997957229
1003485183
1001180191
1001199798
998144149
1000162963
999514236
1001233215
996884841
998283157
1002479171
998372268
1001714553
1003770904
1002065582
1000794219
998435592
999889221
998523941
996269836
997520217
1002018737
1001980743
998442382
1004225311
1000047912
1000085754
1001345062
1002356262
997680969
997957229
1003485183
1001180191
1001199798
998144149
1000162963
999514236
1001233215
996884841
998283157
1002479171
998372268
1001714553
1003770904
1002065582
1000794219
998435592
999889221
998523941
996269836
997520217
1002018737
1001980743
998442382
1004225311
1000047912
1000085754
1001345062
1002356262
997680969
997957229
1003485183
1001180191
1001199798
998144149
1000162963
999514236
1001233215
996884841
998283157
1002479171
998372268
1001714553
1003770904
1002065582
1000794219
998435592
999889221
998523941
996269836
997520217
1002018737
1001980743
998442382
1004225311
1000047912
1000085754
1001345062
1002356262
997680969
997957229
1003485183
1001180191
1001199798
998144149
1000162963
999514236
1001233215
996884841
998283157
1002479171
998372268
1001714553
1003770904
1002065582
1000794219
998435592
999889221
998523941
996269836
997520217
1002018737
1001980743
998442382
1004225311
1000047912
1000085754
1001345062
1002356262
997680969
997957229
1003485183
Starting SPI Test
998362808
1000172348
999979171
998833160
998340301
999338073
1000026855
1000423812
998075408
1000395126
1001406478
1000424041
1000369567
1001727066
1000657348
999878158
1000968170
999306335
997426300
998786010
998494720
997869262
1000320587
997372360
1000296554
1000948638
1000105667
1000062713
1002721557
1001281661
998362808
1000172348
999979171
998833160
998340301
999338073
1000026855
1000423812
998075408
1000395126
1001406478
1000424041
1000369567
1001727066
1000657348
999878158
1000968170
999306335
997426300
998786010
998494720
997869262
1000320587
997372360
1000296554
1000948638
1000105667
1000062713
1002721557
1001281661
998362808
1000172348
999979171
998833160
998340301
999338073
1000026855
1000423812
998075408
1000395126
1001406478
1000424041
1000369567
1001727066
1000657348
999878158
1000968170
999306335
997426300
998786010
998494720
997869262
1000320587
997372360
1000296554
1000948638
1000105667
1000062713
1002721557
1001281661
998362808
1000172348
999979171
998833160
998340301
999338073
1000026855
1000423812
998075408
1000395126
1001406478
1000424041
1000369567
1001727066
1000657348
999878158
1000968170
999306335
997426300
998786010
998494720
997869262
1000320587
997372360
1000296554
1000948638
1000105667
1000062713
1002721557
1001281661
998362808
1000172348
999979171
998833160
998340301
999338073
1000026855
1000423812
998075408
1000395126
1001406478
1000424041
1000369567
1001727066
1000657348
999878158
1000968170
999306335
997426300
998786010
998494720
997869262
1000320587
997372360
1000296554
1000948638
1000105667
1000062713
1002721557
1001281661
998362808
